# さいたま市浦和休日急患診療所／実績・月別患者数(R3～R7)
# https://www.city.saitama.lg.jp/002/001/017/006/p019179_d/fil/urawa-jisseki.pdf

さいたま市浦和休日急患診療所



令和３年度の受診者数（人）
 科目   4月     5月      6月     7月     8月     9月      10月     11月     12月     1月      2月      3月       計

 内科    102    393     91     217    221    132      79     120     224     439     163     132     2,313

小児科    245    484     313    685    384    210     294     316     425     423     228     268     4,275

 合計    347    877     404    902    605    342     373     436     649     862     391     400     6,588



令和４年度の受診者数（人）
 科目   4月     5月      6月     7月     8月     9月      10月     11月     12月     1月      2月      3月       計

 内科    126    334     73     282    138    138     135     161     429     625     151     136     2,728

小児科    292    591     345    685    415    473     397     341     533     466     406     414     5,358

 合計    418    925     418    967    553    611     532     502     962    1,091    557     550     8,086



令和５年度の受診者数（人）
 科目   4月     5月      6月     7月     8月     9月      10月     11月     12月     1月      2月      3月       計

 内科    144    383     181    364    506    714     519     623    1114    1618     585     373     7,124

小児科    383    712     596    615    433    827    1045     945    1039     887     987     727     9,196

 合計    527   1,095    777    979    939   1,541   1,564   1,568   2,153   2,505   1,572   1,100   16,320



令和６年度の受診者数（人）
 科目   4月     5月      6月     7月     8月     9月      10月     11月     12月     1月      2月      3月       計

 内科    222    437     181    307    236    284     169     244    1,479   1,905    278     245     5,987

小児科    422    563     341    423    316    438     390     375     999     791     342     283     5,683

 合計    644   1,000    522    730    552    722     559     619    2,478   2,696    620     528    11,670



令和７年度の受診者数（人）
 科目   4月     5月      6月     7月     8月     9月      10月     11月     12月     1月      2月      3月       計

 内科    140    269     109    141    267    191     178     804     598     784     556     217     4,254

小児科    250    345     230    246    266    281     343    1,219    416     454     651     243     4,944

 合計    390    614     339    387    533    472     521    2,023   1,014   1,238   1,207    460     9,198
