# さいたま市大宮休日夜間急患センター／実績・月別患者数(R3～R7)
# https://www.city.saitama.lg.jp/002/001/017/006/p019179_d/fil/oomiya-jisseki.pdf

さいたま市大宮休日夜間急患センター



令和３年度の受診者数（人）
 科目     4月       5月       6月       7月       8月       9月       10月       11月       12月       1月      2月       3月        計

 内科      63       167      59        93      73        76       55        70       138       228      81      71       1,174

小児科      264      436      377      770      431      275      266       395       524       471     255      271      4,735

 眼科          6    11       11           3        5        5     11            4         6     22         4        5        93

耳鼻咽喉科    22       46       19        54      44        26       26        38        39        59      28      21        422

 合計      355      660      466      920      553      382      358       507       707       780     368      368      6,424



令和４年度の受診者数（人）
 科目     4月       5月       6月       7月       8月       9月       10月       11月       12月       1月      2月       3月        計

 内科      65       149      71       171      113       76       96        82       183       318     117      86       1,527

小児科      396      552      377      749      482      493      521       448       623       556     469      477      6,143

 眼科          4        9        7        8        7        6         4         7         5     13         4        4        78

耳鼻咽喉科    22       49       26        36      18        32       42        40        41        56      22      26        410

 合計      487      759      481      964      620      607      663       577       852       943     612      593      8,158



令和５年度の受診者数（人）
 科目     4月       5月       6月       7月       8月       9月       10月       11月       12月       1月      2月       3月        計

 内科      109      193      96       197      283      340      258       266       420       729     295      181      3,367

小児科      522      704      726      833      468      749      813       754       834       812     773      585      8,573

 眼科          5        8        9        4        8        5         7         4         2     28         4        4        88

耳鼻咽喉科    37       69       34        54      30        49       38        30        76       109      52      29        607

 合計      673      974      865     1,088     789     1,143    1,116     1,054     1,332     1,678   1,124     799     12,635



令和６年度の受診者数（人）
 科目     4月       5月       6月       7月       8月       9月       10月       11月       12月       1月      2月       3月        計

 内科      122      201      121      174      157      196      103       152       729       862     187      146      3,150

小児科      405      533      461      543      371      463      411       406       810       693     392      403      5,891

 眼科          3        5        4        2        7        7         4         7         8     34         5        6        92

耳鼻咽喉科    47       80       32        30      30        40       31        48        96       132      45      32        643

 合計      577      819      618      749      565      706      549       613      1,643     1,721    629      587      9,776



令和７年度の受診者数（人）
 科目     4月       5月       6月       7月       8月       9月       10月       11月       12月       1月      2月       3月        計

 内科      89       186      74       104      150      135      121       450       314       481     286      120      2,510

小児科      308      408      337      362      342      353      370       886       425       495     598      325      5,209

 眼科          5        6        5        6        8        1         5         3         4     30         2        7        82

耳鼻咽喉科    15       38       32        22      23        24       20        42        53        98      29      28        424

 合計      417      638      448      494      523      513      516      1,381      796      1,104    915      480      8,225
